6 0.406977 0.938241 0.813953 0.0355897 0.262668
3 0.162791 0.971738 0.184186 0.0160502 0.274662
4 0.866046 0.907188 0.146977 0.106071 0.300828
1 0.492093 0.801117 0.357209 0.0655966 0.319289
1 0.492093 0.801117 0.786977 0.064201 0.326839
6 0.790233 0.801465 0.242791 0.0635031 0.356945
1 0.494884 0.125262 0.225116 0.0216329 0.416628
5 0.271163 0.37404 0.447442 0.150733 0.466525
6 0.725116 0.492324 0.387907 0.0537334 0.539081
8 0.0618605 0.970691 0.0232558 0.0153524 0.558414
6 0.269767 0.495813 0.353488 0.0509421 0.587455
6 0.205116 0.801117 0.270698 0.064201 0.681316
4 0.489767 0.158758 0.557209 0.0439637 0.736003
3 0.494884 0.0551291 0.174884 0.0237264 0.836052
5 0.718605 0.328332 0.423256 0.267271 0.88819
5 0.493488 0.650035 0.906977 0.228193 0.932033
