4 0.28 0.519888 0.442791 0.0418702 0.256227
1 0.582791 0.624913 0.133023 0.0314027 0.278314
1 0.258605 0.463015 0.325581 0.0537334 0.286258
1 0.713953 0.254013 0.449302 0.0307048 0.302275
1 0.499535 0.0460572 0.20093 0.0237264 0.306861
6 0.584186 0.624215 0.137674 0.0314027 0.313409
6 0.260465 0.416609 0.388837 0.0321005 0.320438
6 0.277674 0.51919 0.44 0.0404745 0.327634
4 0.729767 0.853803 0.445581 0.0355897 0.335549
1 0.262791 0.417655 0.374884 0.0327983 0.33867
4 0.271163 0.581298 0.434419 0.064201 0.360721
6 0.712093 0.253315 0.417674 0.0307048 0.365455
4 0.272093 0.877879 0.423256 0.0376832 0.373272
4 0.269302 0.613747 0.425116 0.034194 0.37371
4 0.729302 0.801814 0.44093 0.0418702 0.398794
1 0.729302 0.802163 0.459535 0.0439637 0.411566
6 0.725581 0.298325 0.390698 0.0481507 0.430143
4 0.726512 0.297278 0.427907 0.0474529 0.446758
1 0.78093 0.620726 0.250233 0.042568 0.457567
1 0.724186 0.855199 0.454884 0.038381 0.469235
4 0.725581 0.703419 0.44093 0.0334962 0.472144
6 0.756279 0.933357 0.186047 0.0495464 0.472874
1 0.761395 0.933357 0.207442 0.0467551 0.497896
1 0.722791 0.704815 0.418605 0.0348918 0.508561
0 0.406977 0.122121 0.739535 0.133985 0.575856
1 0.708837 0.749826 0.379535 0.034194 0.587136
4 0.726977 0.659805 0.44186 0.0327983 0.607134
1 0.272093 0.876832 0.425116 0.038381 0.611699
1 0.252558 0.831821 0.373023 0.0390789 0.668474
5 0.841395 0.0980461 0.317209 0.196092 0.674158
1 0.712093 0.492673 0.406512 0.0321005 0.677614
1 0.266977 0.6612 0.407442 0.0327983 0.698101
1 0.388837 0.218423 0.684651 0.0390789 0.723392
5 0.585116 0.557572 0.132093 0.0935101 0.753839
5 0.139535 0.731682 0.148837 0.0969993 0.808814
4 0.334884 0.71284 0.236279 0.0676902 0.820671
5 0.146047 0.324494 0.124651 0.101884 0.823359
4 0.782791 0.549895 0.224186 0.0781577 0.826281
4 0.726977 0.359386 0.445581 0.0614096 0.903915
4 0.725116 0.433008 0.436279 0.0704815 0.91429
4 0.346977 0.331821 0.273488 0.113747 0.919698
