6 0.14 0.342638 0.170233 0.0111654 0.261956
6 0.162326 0.969993 0.170233 0.0153524 0.267233
3 0.162791 0.97104 0.173023 0.0132589 0.317575
5 0.0911628 0.563852 0.0725581 0.0739707 0.388255
5 0.206512 0.60642 0.195349 0.163294 0.479196
0 0.495349 0.491277 0.235349 0.0655966 0.497729
5 0.149767 0.780181 0.165581 0.153524 0.499821
5 0.13814 0.911026 0.172093 0.0830426 0.512419
5 0.139535 0.255408 0.163721 0.159107 0.520554
8 0.0632558 0.97104 0.0223256 0.0146546 0.573878
5 0.0888372 0.650035 0.0697674 0.0676902 0.600774
1 0.496279 0.549546 0.300465 0.0467551 0.605309
5 0.633488 0.778437 0.706977 0.353803 0.641031
5 0.524651 0.262736 0.928372 0.348221 0.665503
5 0.501395 0.863573 0.167442 0.154222 0.800765
5 0.320465 0.866015 0.16093 0.161898 0.820193
5 0.140465 0.432659 0.154419 0.159107 0.848067
