4 0.717674 0.586881 0.406512 0.0711793 0.261748
1 0.705116 0.920447 0.394419 0.0781577 0.2878
4 0.28 0.598744 0.403721 0.0586183 0.295258
4 0.695349 0.45813 0.337674 0.0216329 0.35741
1 0.756744 0.323796 0.32093 0.170272 0.428244
5 0.503256 0.148988 0.96 0.145848 0.496491
6 0.286512 0.399512 0.418605 0.0244243 0.545519
4 0.279535 0.695394 0.423256 0.0635031 0.546952
1 0.214884 0.431961 0.262326 0.0195394 0.561847
4 0.723721 0.699581 0.44093 0.0537334 0.563622
1 0.634419 0.540126 0.228837 0.0195394 0.576049
5 0.872558 0.918353 0.0911628 0.068388 0.67384
0 0.7 0.9194 0.40093 0.0760642 0.68942
3 0.507907 0.0502442 0.308837 0.0251221 0.719273
4 0.726512 0.636776 0.407442 0.136078 0.752296
1 0.690233 0.74529 0.331163 0.0307048 0.75519
1 0.285116 0.647592 0.404651 0.0209351 0.79004
4 0.712558 0.499651 0.420465 0.0502442 0.826852
4 0.28186 0.812631 0.407442 0.286811 0.870972
4 0.282326 0.536636 0.412093 0.177251 0.878594
4 0.717674 0.819958 0.412093 0.0976971 0.933807
