8 0.0618605 0.97104 0.0232558 0.0146546 0.444204
0 0.187907 0.215283 0.27907 0.0662945 0.469189
1 0.506977 0.894278 0.221395 0.13887 0.500923
6 0.797209 0.404745 0.184186 0.0669923 0.568267
1 0.789767 0.533496 0.269767 0.0188416 0.597948
3 0.163721 0.970691 0.163721 0.0181438 0.70638
1 0.183256 0.218074 0.266047 0.0676902 0.751198
0 0.191163 0.152477 0.287442 0.0551291 0.82622
4 0.791163 0.489184 0.268837 0.0502442 0.863576
4 0.797209 0.744592 0.286512 0.418702 0.876737
5 0.650698 0.189463 0.586977 0.299372 0.943323
4 0.495814 0.565946 0.288372 0.361479 0.960114
4 0.192558 0.625262 0.284651 0.67411 0.965317
