6 0.293488 0.40963 0.408372 0.0418702 0.272173
4 0.72 0.939986 0.403721 0.0307048 0.321564
0 0.313953 0.32589 0.627907 0.0921144 0.341634
4 0.725116 0.890789 0.434419 0.0746685 0.361952
4 0.282791 0.531752 0.411163 0.0474529 0.401825
4 0.723256 0.568388 0.419535 0.0956036 0.5359
1 0.245581 0.90649 0.323721 0.0181438 0.565613
1 0.187907 0.573273 0.223256 0.0202373 0.638207
5 0.481395 0.2097 0.899535 0.342638 0.660616
4 0.283256 0.470691 0.402791 0.127704 0.677857
6 0.716744 0.396371 0.408372 0.0237264 0.71172
1 0.65814 0.633287 0.287442 0.0216329 0.752855
4 0.28 0.938241 0.414884 0.0327983 0.758552
4 0.71814 0.482903 0.414884 0.115841 0.787905
4 0.285581 0.746685 0.414884 0.309839 0.907087
4 0.720465 0.791347 0.417674 0.276343 0.91763
