0 0.866046 0.266923 0.0930233 0.0314027 0.331254
1 0.871628 0.266923 0.106047 0.0327983 0.44256
6 0.867907 0.459525 0.102326 0.038381 0.494477
1 0.864186 0.459874 0.100465 0.0376832 0.519442
6 0.867907 0.795883 0.0893023 0.0327983 0.596056
8 0.0613953 0.970342 0.024186 0.0174459 0.648879
5 0.866512 0.726797 0.112558 0.127704 0.731039
5 0.865116 0.175157 0.219535 0.143754 0.789702
3 0.162326 0.97104 0.166512 0.0174459 0.820158
0 0.195349 0.348221 0.292093 0.0530356 0.822531
5 0.485581 0.895673 0.11907 0.115143 0.831854
5 0.635349 0.90649 0.145116 0.106071 0.84874
5 0.411163 0.187718 0.613953 0.185625 0.850271
3 0.148837 0.0547802 0.197209 0.0216329 0.853185
6 0.864186 0.629798 0.0930233 0.0355897 0.856958
5 0.866512 0.552338 0.108837 0.106769 0.86381
4 0.866046 0.362875 0.137674 0.14515 0.906127
4 0.220465 0.668876 0.347907 0.558967 0.964085
4 0.590698 0.577809 0.355349 0.505234 0.96664
