6 0.15814 0.428821 0.19907 0.0188416 0.280334
8 0.0623256 0.971389 0.024186 0.0153524 0.500798
4 0.493023 0.757502 0.275349 0.479414 0.537134
6 0.747442 0.0746685 0.175814 0.0586183 0.686023
3 0.163256 0.970342 0.170233 0.0188416 0.776774
1 0.25907 0.5 0.406512 0.0369853 0.791941
0 0.270233 0.457781 0.44 0.0432659 0.828215
4 0.795814 0.29693 0.283721 0.309142 0.892358
4 0.494419 0.640265 0.285581 0.204466 0.92125
4 0.8 0.7097 0.292093 0.498255 0.945158
5 0.345116 0.217376 0.595349 0.348221 0.952512
4 0.190233 0.745639 0.287442 0.423587 0.966699
