4 0.461395 0.686322 0.210233 0.0523378 0.255562
4 0.626977 0.0893231 0.554419 0.0251221 0.25661
6 0.794419 0.770063 0.234419 0.0411724 0.268848
3 0.504651 0.034194 0.302326 0.0265178 0.394474
1 0.453023 0.665387 0.189767 0.030007 0.428602
1 0.209302 0.089672 0.297674 0.02582 0.467454
5 0.347442 0.86776 0.666977 0.26448 0.491475
0 0.209767 0.089672 0.32093 0.0244243 0.510575
1 0.743256 0.509421 0.171163 0.0223308 0.654143
1 0.133023 0.677251 0.152558 0.0230286 0.683898
1 0.42093 0.219121 0.134884 0.0209351 0.754864
5 0.801395 0.314724 0.27814 0.118632 0.819874
5 0.797674 0.177599 0.27814 0.143057 0.830675
4 0.797674 0.638172 0.283721 0.240754 0.855994
4 0.194419 0.740405 0.277209 0.106071 0.887474
4 0.79814 0.43545 0.282791 0.106071 0.896588
4 0.494884 0.145848 0.275349 0.111654 0.909522
4 0.195814 0.388695 0.283721 0.568039 0.940534
4 0.501395 0.435101 0.286512 0.416609 0.953001
