5 0.26597938144329897 0.16879795396419436 0.4742268041237114 0.2375674907644217 
5 0.8212371134020618 0.13469735720375106 0.2709278350515464 0.1693662972435351 
5 0.5068041237113402 0.4685990338164251 0.37855670103092787 0.20403523728331913 
5 0.2622680412371134 0.8498152884342143 0.4668041237113402 0.20090934924694515 
4 0.2777319587628866 0.3270815572605854 0.4449484536082474 0.07104290991759023 
4 0.18329896907216495 0.47271952259164535 0.25608247422680414 0.21000284171639672 
4 0.27835051546391754 0.6615515771526002 0.44948453608247424 0.16538789428815004 
4 0.7387628865979382 0.2915601023017903 0.45649484536082474 0.14208581983518045 
4 0.829278350515464 0.4701619778346121 0.2754639175257732 0.21113952827507815 
4 0.7348453608247423 0.7625745950554135 0.4552577319587629 0.3714123330491617 
6 0.5929896907216495 0.13526570048309178 0.16494845360824742 0.17277635691957943 
8 0.07154639175257732 0.9658994032395567 0.044123711340206186 0.023302074452969595 
