3 0.1689042875703768 0.06007010834926705 0.21827631009094844 0.03792224346717654 
0 0.37353832828064093 0.15376035691523263 0.6188826331745344 0.07297641810070109 
1 0.37635339974014725 0.21940726577437858 0.6331745344304893 0.046207775653282344 
4 0.31420528367258554 0.5041427660930529 0.2516240796881767 0.5066921606118546 
4 0.5749242096145517 0.2954110898661568 0.2472932005197055 0.09560229445506692 
4 0.5426591598094413 0.4090184831102613 0.1888263317453443 0.13161249203314213 
4 0.5803378085751407 0.708731676226896 0.25032481593763534 0.4678138942001275 
3 0.5601992204417496 0.9518801784576163 0.2039844088349935 0.012109623964308477 
3 0.22000866175833694 0.9874123645634162 0.2390645300996102 0.019439133205863608 
8 0.08510177566045907 0.9864563416188655 0.028150714595062798 0.01752708731676227 
3 0.06539627544391512 0.9061504142766093 0.025119099177132957 0.11185468451242829 
5 0.2555218709398008 0.8572339069471 0.3577306193157211 0.1892925430210325 
3 0.12278042442615851 0.674314850223072 0.11996535296665223 0.1644359464627151 
5 0.7011693373754871 0.39977692797960485 0.1255954958856648 0.10484384958572339 
5 0.857730619315721 0.4502868068833652 0.2429623213512343 0.10261312938177182 
1 0.8081420528367258 0.13718929254302104 0.15764400173235166 0.029636711281070746 
4 0.8380251190991771 0.27708731676226894 0.20095279341706365 0.2253027405991077 
4 0.8360762234733651 0.7294455066921606 0.21957557384148982 0.4327597195666029 
