3 0.08355855855855857 0.028332787422207663 0.1292792792792793 0.015394693743858498 
5 0.3720720720720721 0.2222404192597445 0.7261261261261261 0.36652472977399275 
5 0.4114864864864865 0.4443170651817884 0.1436936936936937 0.05928594824762528 
5 0.372972972972973 0.9146740910579757 0.23783783783783785 0.11562397641663937 
5 0.4531531531531532 0.8399934490664919 0.03783783783783784 0.023255813953488372 
5 0.46216216216216216 0.6398624303963314 0.04234234234234234 0.03504749426793318 
5 0.2524774774774775 0.735014739600393 0.031081081081081083 0.05306256141500163 
5 0.8655405405405405 0.657386177530298 0.2265765765765766 0.27841467409105797 
0 0.12094594594594595 0.43874877169996723 0.19864864864864865 0.054045201441205365 
4 0.1259009009009009 0.7248607926629544 0.21396396396396397 0.5057320668195218 
4 0.35945945945945945 0.6030134294136914 0.20540540540540542 0.26203734032099574 
4 0.6045045045045045 0.6952178185391418 0.22252252252252253 0.5630527350147395 
4 0.8628378378378379 0.2995414346544382 0.2211711711711712 0.42875859810022926 
2 0.8353603603603603 0.9719947592531936 0.16891891891891891 0.011464133639043562 
4 0.8614864864864865 0.887651490337373 0.21576576576576578 0.15460203078938747 
3 0.9885135135135136 0.868162463150999 0.022072072072072072 0.21192269898460528 
1 0.8542792792792793 0.06141500163773337 0.20405405405405405 0.04094333442515558 
