0 0.22132577409507195 0.06467181467181467 0.20889664195377236 0.027027027027027025 
0 0.5662887047535979 0.06306306306306306 0.23855211513301353 0.028314028314028312 
5 0.23288268643698212 0.15154440154440155 0.3759267335368513 0.14092664092664092 
6 0.23222852158744003 0.3502252252252252 0.32054077627562144 0.25836550836550837 
5 0.8344962930658526 0.19176319176319176 0.2821631051024858 0.20913770913770913 
5 0.710423026602704 0.37886100386100385 0.5329262974269516 0.09877734877734877 
6 0.7064980375054514 0.4546332046332046 0.5407762756214566 0.05534105534105534 
1 0.5231138246838203 0.31547619047619047 0.14435237679895335 0.018339768339768338 
4 0.5675970344526821 0.18886743886743887 0.2437854339293502 0.2072072072072072 
4 0.5087221979938945 0.7398648648648648 0.9389446140427388 0.44626769626769625 
3 0.9910597470562582 0.9057271557271557 0.0170082860880942 0.12676962676962678 
3 0.19472307021369387 0.9826254826254825 0.2533798517226341 0.023166023166023165 
3 0.8877017008286089 0.9831081081081081 0.1705189707806367 0.020270270270270268 
8 0.053205407762756216 0.9805341055341055 0.021805494984736155 0.01898326898326898 
