5 0.4931241942415127 0.31321839080459773 0.878813923506661 0.42017879948914433 
6 0.48818220885259994 0.5665708812260537 0.2784701332187366 0.04757343550446999 
4 0.4894714224323163 0.8847381864623245 0.27589170605930385 0.14623243933588762 
4 0.19230769230769232 0.5731162196679438 0.28577567683712934 0.06066411238825032 
4 0.26987537602062744 0.7049808429118775 0.43833261710356686 0.20434227330779056 
4 0.19553072625698326 0.8820242656449554 0.28362698753760207 0.14910600255427842 
4 0.792436613665664 0.5721583652618136 0.2853459389772239 0.05810983397190294 
4 0.7183068328319725 0.7043422733077906 0.43618392780403953 0.20306513409961688 
4 0.7932960893854749 0.8812260536398469 0.2862054146970348 0.14240102171136654 
3 0.7881392350666094 0.9798850574712644 0.223463687150838 0.017241379310344827 
8 0.928663515255694 0.982918263090677 0.026643747314138377 0.016922094508301407 
