0 0.486646884272997 0.11124845488257107 0.493429419245443 0.04944375772558714 
1 0.23866044934294192 0.15080346106304077 0.33658329800763037 0.02348578491965389 
1 0.11233573548113608 0.37747218788627934 0.08902077151335312 0.019468479604449935 
1 0.37091988130563797 0.5271940667490729 0.09749894022891055 0.018541409147095178 
1 0.14328105129292074 0.7699320148331272 0.142433234421365 0.019468479604449935 
4 0.3164476473081814 0.261433868974042 0.4862229758372192 0.19777503090234855 
4 0.4188215345485375 0.4494746600741656 0.6909707503179313 0.11835599505562422 
4 0.6426451886392539 0.6446229913473424 0.5086901229334464 0.20395550061804696 
4 0.1771937261551505 0.8331273176761433 0.2161933022467147 0.09888751545117427 
5 0.7524374735057228 0.28785537700865266 0.3264094955489614 0.2833745364647713 
5 0.2585841458245019 0.6338071693448701 0.29673590504451036 0.22558714462299131 
5 0.543026706231454 0.851823238566131 0.4111911827045358 0.19561186650185414 
3 0.7289105553200509 0.972805933250927 0.2997032640949555 0.021631644004944373 
8 0.904196693514201 0.9737330037082818 0.02543450614667232 0.021631644004944373 
