0 0.20033812341504648 0.03526249209361164 0.2916314454775993 0.04079696394686907 
0 0.8178360101437024 0.03652751423149905 0.3601014370245139 0.030676786843769767 
4 0.20984784446322907 0.17726122707147376 0.29966187658495347 0.22043010752688172 
4 0.5166948436179205 0.1786843769765971 0.2971259509721048 0.21505376344086022 
4 0.82396449704142 0.18089816571790007 0.29881656804733725 0.2131562302340291 
1 0.2692307692307692 0.3546805819101834 0.3423499577345731 0.050917141049968376 
0 0.28000845308537614 0.30534471853257433 0.41039729501267963 0.019291587602783048 
4 0.19695688926458155 0.6480075901328274 0.20033812341504648 0.5294117647058824 
4 0.41103127641589177 0.4394370651486401 0.1923076923076923 0.11227071473750791 
4 0.6196111580726965 0.41587602783048705 0.20033812341504648 0.1650853889943074 
4 0.834953508030431 0.6230234029095509 0.20076077768385459 0.5774826059456041 
6 0.5139475908706678 0.9025932953826692 0.40912933220625525 0.01644528779253637 
5 0.5166948436179205 0.6968690702087287 0.41715976331360943 0.39690069576217585 
3 0.5204987320371935 0.9596774193548387 0.1390532544378698 0.02245414294750158 
8 0.07945900253592561 0.9576217583807717 0.0312764158918005 0.01644528779253637 
