0 0.5121535181236674 0.09695290858725761 0.35650319829424304 0.04616805170821791 
3 0.22430703624733475 0.15897199138196366 0.27292110874200426 0.04524469067405355 
3 0.2249466950959488 0.19944598337950137 0.24008528784648187 0.027700831024930747 
3 0.22430703624733475 0.6668205601723607 0.2533049040511727 0.04524469067405355 
3 0.2228144989339019 0.8618036318867344 0.23582089552238805 0.041243459526008004 
3 0.5121535181236674 0.4564481378885811 0.22857142857142856 0.03077870113881194 
3 0.800639658848614 0.4595260080024623 0.2801705756929637 0.055401662049861494 
4 0.22430703624733475 0.42597722376115726 0.2823027718550106 0.4222837796244998 
4 0.22665245202558634 0.9105878731917513 0.27505330490405117 0.06001846722068328 
4 0.5125799573560768 0.2856263465681748 0.2771855010660981 0.2985534010464758 
4 0.7991471215351812 0.2799322868574946 0.27292110874200426 0.2871652816251154 
4 0.5134328358208955 0.7046783625730993 0.2814498933901919 0.4638350261618959 
4 0.8019189765458422 0.7096029547553093 0.2716417910447761 0.4509079716835949 
3 0.7262260127931769 0.9704524469067405 0.320682302771855 0.018467220683287166 
8 0.9208955223880596 0.9724530624807632 0.03624733475479744 0.017543859649122806 
