0 0.4691151919866444 0.035532994923857864 0.9315525876460768 0.039974619289340096 
5 0.3441151919866444 0.2679251269035533 0.6247913188647747 0.38991116751269034 
5 0.8334724540901502 0.24016497461928932 0.332220367278798 0.35913705583756345 
6 0.8165692821368948 0.45050761421319796 0.30425709515859767 0.05710659898477157 
1 0.17842237061769617 0.5344225888324873 0.2800500834724541 0.09612944162436547 
1 0.4887312186978297 0.5383883248730964 0.2654424040066778 0.09835025380710659 
1 0.8017529215358932 0.5369606598984771 0.25292153589315525 0.10120558375634517 
4 0.18176126878130217 0.6413388324873096 0.2950751252086811 0.09930203045685278 
4 0.23560100166944908 0.7636421319796953 0.1414858096828047 0.14530456852791876 
4 0.49227879799666113 0.7723667512690354 0.2800500834724541 0.17925126903553298 
4 0.746661101836394 0.683217005076142 0.17779632721202004 0.17100253807106597 
4 0.7721202003338898 0.7979060913705583 0.2345575959933222 0.05393401015228426 
5 0.09578464106844742 0.7672906091370558 0.13063439065108515 0.13610406091370558 
5 0.5047996661101837 0.8864213197969543 0.9895659432387313 0.08185279187817258 
5 0.9033806343906511 0.6756027918781725 0.10642737896494157 0.14942893401015228 
6 0.33263772954924875 0.9416243654822334 0.15191986644407346 0.03680203045685279 
