4 0.1729119638826185 0.5041254125412541 0.31602708803611734 0.9376237623762377 
4 0.48645598194130923 0.07095709570957096 0.29209932279909706 0.07326732673267326 
1 0.40880361173814894 0.11963696369636964 0.12866817155756208 0.01881188118811881 
1 0.41670428893905187 0.24455445544554455 0.14085778781038374 0.013861386138613862 
1 0.3963882618510158 0.3686468646864687 0.09841986455981941 0.019801980198019802 
1 0.38374717832957106 0.47062706270627064 0.07855530474040631 0.0165016501650165 
1 0.4060948081264108 0.5726072607260726 0.12325056433408577 0.015181518151815182 
4 0.49571106094808126 0.2996699669966997 0.30067720090293454 0.09174917491749175 
4 0.49571106094808126 0.41287128712871285 0.30248306997742663 0.06864686468646865 
4 0.4896162528216704 0.5156765676567657 0.2948081264108352 0.0702970297029703 
4 0.49413092550790066 0.613036303630363 0.3038374717832957 0.06699669966996699 
5 0.4950338600451467 0.81996699669967 0.30835214446952597 0.2438943894389439 
6 0.4878103837471783 0.9605610561056106 0.29029345372460497 0.029372937293729372 
3 0.40699774266365685 0.6745874587458746 0.12686230248306998 0.02178217821782178 
4 0.8223476297968397 0.5036303630363036 0.309255079006772 0.9425742574257426 
3 0.1218961625282167 0.01881188118811881 0.21760722347629796 0.0165016501650165 
3 0.9126410835214447 0.988943894389439 0.12866817155756208 0.019471947194719473 
3 0.991647855530474 0.9481848184818482 0.015801354401805866 0.06402640264026403 
8 0.023024830699774266 0.9914191419141914 0.02257336343115124 0.0165016501650165 
