7 0.26033792796798577 0.15357142857142858 0.4735437972432192 0.16688311688311688 
7 0.2614495331258337 0.3248376623376623 0.47576700755891504 0.14902597402597403 
7 0.26033792796798577 0.48652597402597403 0.4735437972432192 0.14707792207792209 
7 0.259670964873277 0.6694805194805195 0.47309915518008 0.17857142857142858 
3 0.4288572698977323 0.7662337662337663 0.1302801244997777 0.014285714285714285 
6 0.2598932859048466 0.04025974025974026 0.4797687861271676 0.03441558441558441 
4 0.26211649622054245 0.874512987012987 0.47265451311694084 0.18538961038961038 
4 0.7563361493997331 0.4969155844155844 0.4490884837705647 0.9548701298701299 
3 0.8897287683414851 0.987987012987013 0.187638950644731 0.023376623376623377 
3 0.19497554468652734 0.987987012987013 0.26545131169408626 0.02142857142857143 
8 0.040240106714095156 0.9896103896103896 0.03601600711427301 0.02012987012987013 
