4 0.2563943894389439 0.12475247524752475 0.3873762376237624 0.08882602545968882 
4 0.25783828382838286 0.2833097595473833 0.4496699669966997 0.19999999999999998 
4 0.2607260726072607 0.4021216407355021 0.4405940594059406 0.025176803394625177 
4 0.15490924092409242 0.4799151343705799 0.25783828382838286 0.13663366336633662 
4 0.2601072607260726 0.7496463932107497 0.4566831683168317 0.3988684582743989 
4 0.7198844884488449 0.8526166902404526 0.4537953795379538 0.18896746817538895 
5 0.40532178217821785 0.4787835926449788 0.22235973597359737 0.10608203677510608 
5 0.7161716171617162 0.14299858557284298 0.42574257425742573 0.17963224893917962 
5 0.7167904290429044 0.3465346534653465 0.4302805280528053 0.21329561527581328 
5 0.7221534653465347 0.6294200848656294 0.4228547854785479 0.17878359264497878 
6 0.7248349834983498 0.4925035360678925 0.3844884488448845 0.07072135785007072 
6 0.7116336633663366 0.7335219236209335 0.4108910891089109 0.019236209335219235 
8 0.9304867986798679 0.9602545968882602 0.03506600660066007 0.016124469589816125 
