5 0.24979440789473684 0.16619438934542363 0.4510690789473684 0.24397846415415134 
5 0.44962993421052627 0.5841598186455087 0.2981085526315789 0.15670161518843867 
5 0.7212171052631579 0.5188438651175971 0.47121710526315785 0.23292717483706435 
6 0.2520559210526316 0.30277699064890906 0.45559210526315785 0.03145366959478606 
4 0.7088815789473684 0.14395012751487674 0.4465460526315789 0.21139132898838198 
4 0.24691611842105263 0.3923207707565883 0.4453125 0.13573250212524796 
4 0.2489720394736842 0.48129781807877586 0.4494243421052631 0.04052139416265231 
4 0.15871710526315788 0.5922357608387645 0.2746710526315789 0.18305468971379996 
4 0.4767680921052631 0.7242844998583169 0.9132401315789473 0.07877585718333806 
5 0.13630756578947367 0.8777274015301786 0.27261513157894735 0.14876735619155568 
5 0.43400493421052627 0.867526211391329 0.311266447368421 0.16293567582884672 
5 0.76171875 0.8638424482856334 0.33758223684210525 0.17200340039671297 
4 0.7094983552631579 0.32813828279965995 0.32442434210526316 0.13261547180504393 
8 0.9196134868421052 0.9647208841031454 0.05139802631578947 0.02521960895437801 
