0 0.48873971416197487 0.15476942514213518 0.8995236032914682 0.2312065698041693 
0 0.46102208748375917 0.35028427037271004 0.8492854049372022 0.1010739102969046 
1 0.46513642269380684 0.43177511054958934 0.8497184928540493 0.048010107391029684 
2 0.09268081420528367 0.47725837018319645 0.10220874837592031 0.02653190145293746 
4 0.3958423559982676 0.5505369551484522 0.3620614984841923 0.1692987997473152 
4 0.7654828930272846 0.6565066329753632 0.35469900389779124 0.38502842703727097 
4 0.7843222174101342 0.8698673404927353 0.3170203551320918 0.039797852179406186 
4 0.8241663057600692 0.9046114971572962 0.24599393676916412 0.03158559696778269 
4 0.8367258553486357 0.9391977258370182 0.21221307925508878 0.043903979785217935 
3 0.8778692074491121 0.9769425142135185 0.09354699003897791 0.017056222362602652 
8 0.9359029883066262 0.978048010107391 0.022520571676050236 0.01737207833228048 
2 0.9577739281074058 0.9314592545799115 0.012559549588566478 0.048010107391029684 
5 0.28757037678648767 0.782849020846494 0.5188393243828497 0.38502842703727097 
5 0.6431355565179732 0.9169298799747314 0.18536162841056733 0.12065698041692988 
