5 0.33993968117190865 0.22063037249283668 0.5980180956484273 0.3387456224132442 
5 0.8033175355450237 0.1798790194205667 0.2882378285221887 0.2559694364851958 
5 0.8033175355450237 0.4769181789239096 0.2899612236105127 0.30945558739255014 
5 0.8041792330891857 0.7986310092327285 0.2899612236105127 0.3053167780961477 
0 0.22037914691943128 0.43218720152817575 0.35889702714347266 0.053167780961477236 
1 0.34080137871607064 0.4894937917860554 0.5997414907367514 0.05253104106972302 
2 0.1087893149504524 0.5213307863737663 0.13399396811719086 0.013689907672715697 
1 0.0982335200344679 0.5464820120980579 0.04739336492890995 0.01177968799745304 
1 0.14756570443774236 0.6292581980261064 0.14605773373545886 0.012416427889207259 
1 0.0978026712623869 0.7400509391913404 0.043084877208099955 0.013053167780961477 
1 0.15058164584230935 0.8521171601400828 0.14864282636794485 0.014963387456224133 
4 0.35264971994829813 0.5593759949060809 0.5493321844032745 0.008914358484559059 
4 0.32378285221887115 0.5907354345749761 0.5708746230073244 0.04934734161095193 
4 0.33067643257216717 0.6445399554282076 0.5053856096510125 0.013053167780961477 
4 0.34080137871607064 0.6884750079592487 0.5997414907367514 0.07226997771410379 
4 0.35178802240413615 0.7556510665393187 0.5458853942266264 0.01177968799745304 
4 0.34252477380439467 0.7999044890162369 0.6066350710900474 0.07418019738936645 
4 0.3453252908229211 0.8670805475963069 0.5295131408875484 0.013689907672715697 
4 0.34295562257647566 0.9135625596943648 0.6092201637225334 0.07927411652340019 
3 0.10211115898319689 0.9740528494110157 0.12236105127100387 0.01687360713148679 
8 0.9420508401551055 0.9727793696275072 0.023696682464454975 0.013053167780961477 
