5 0.2588285960378984 0.3203497615262321 0.4392764857881137 0.463275039745628 
4 0.5833333333333334 0.12416534181240063 0.18906115417743324 0.06263910969793322 
4 0.6242463393626184 0.3575516693163752 0.2751937984496124 0.39650238473767885 
4 0.21726959517657193 0.6426073131955485 0.36046511627906974 0.1767885532591415 
4 0.5869939707149009 0.6441971383147854 0.35400516795865633 0.17360890302066773 
1 0.8548664944013781 0.2165341812400636 0.15417743324720068 0.2505564387917329 
5 0.7344961240310077 0.11717011128775835 0.06933677863910422 0.05373608903020668 
5 0.3804909560723514 0.8454689984101749 0.7609819121447028 0.20858505564387916 
3 0.8197674418604651 0.9769475357710652 0.2140396210163652 0.019395866454689985 
8 0.9358311800172265 0.9783783783783784 0.020671834625323 0.020349761526232114 
