3 0.11464560204953031 0.055238999683444125 0.11827497865072588 0.042735042735042736 
4 0.30038428693424424 0.34773662551440326 0.15414175918018788 0.0971826527382083 
5 0.7474380871050385 0.18945868945868946 0.36507258753202393 0.3789173789173789 
4 0.17463706233988044 0.20433681544792656 0.23825789923142612 0.1794871794871795 
4 0.1353543979504697 0.3510604621715733 0.1682322801024765 0.1177587844254511 
4 0.17335610589239966 0.6793289015511238 0.25021349274124677 0.5438429882874327 
4 0.42591801878736124 0.20402025957581513 0.23697694278394535 0.1750553972776195 
4 0.4705380017079419 0.35090218423551756 0.161400512382579 0.1168091168091168 
4 0.43018787361229716 0.5259575815131371 0.2403928266438941 0.23330167774612218 
4 0.6844577284372332 0.6699905033238367 0.24423569598633646 0.5612535612535613 
6 0.8727583262169086 0.45251661918328584 0.11187019641332195 0.11744222855333966 
3 0.20879590093936806 0.9776828110161443 0.24423569598633646 0.016777461221905668 
3 0.9374466268146883 0.8344412788857233 0.022630230572160546 0.22475466919911363 
8 0.06511528608027327 0.9776828110161443 0.019214346712211786 0.016777461221905668 
