0 0.3333333333333333 0.2803813833225598 0.6345381526104418 0.10504201680672269 
5 0.7119589468987059 0.1037491919844861 0.39045069165551094 0.2074983839689722 
6 0.7050423917893797 0.21622495151906915 0.38464970995091474 0.012928248222365869 
3 0.05800981704596162 0.04767291531997414 0.052655064703257475 0.017129928894634775 
2 0.10887996430165105 0.33742727860374916 0.1686746987951807 0.021331609566903685 
4 0.17804551539491298 0.668552036199095 0.3123605533244087 0.6150614091790563 
4 0.501561802766622 0.5945378151260504 0.30968317715305665 0.46056884292178407 
4 0.8179384203480589 0.6687136393018746 0.3043284248103525 0.6089204912734324 
1 0.48884426595269964 0.9125727213962508 0.2788933511825078 0.12702003878474466 
3 0.9147701918786256 0.9894957983193277 0.12672913877733155 0.020361990950226245 
8 0.037706381079875055 0.9893341952165481 0.026327532351628737 0.018099547511312215 
