3 0.28929188255613125 0.05502392344497607 0.45768566493955093 0.04752791068580542 
0 0.3551381692573402 0.15757575757575756 0.5936960276338514 0.07145135566188197 
1 0.4697754749568221 0.22344497607655503 0.8255613126079447 0.030303030303030304 
4 0.27612262521588943 0.3014354066985646 0.44689119170984454 0.07783094098883572 
4 0.20466321243523314 0.46220095693779906 0.28842832469775476 0.24688995215311005 
4 0.26360103626943004 0.660127591706539 0.41493955094991364 0.14768740031897926 
4 0.22344559585492227 0.7987240829346093 0.33721934369602763 0.13205741626794257 
4 0.27871329879101897 0.8878787878787878 0.4451640759930915 0.04114832535885167 
4 0.2813039723661485 0.9344497607655502 0.4382556131260794 0.05071770334928229 
4 0.7357512953367875 0.3226475279106858 0.44559585492227977 0.12280701754385964 
4 0.7614421416234888 0.47033492822966505 0.37694300518134716 0.17256778309409887 
4 0.8063471502590673 0.5854864433811802 0.30008635578583764 0.05582137161084529 
4 0.8121761658031088 0.6824561403508772 0.2780656303972366 0.12982456140350876 
4 0.7869170984455958 0.8073365231259968 0.3346286701208981 0.11674641148325358 
4 0.7310017271157168 0.9003189792663476 0.4421416234887737 0.06921850079744817 
3 0.6234887737478411 0.94688995215311 0.22538860103626943 0.011802232854864434 
3 0.15436096718480138 0.9814992025518341 0.11269430051813471 0.015311004784688994 
8 0.0729706390328152 0.979585326953748 0.018998272884283247 0.017862838915470493 
3 0.6383851468048359 0.979585326953748 0.6196027633851467 0.028708133971291867 
5 0.46157167530224524 0.46331738437001596 0.2167530224525043 0.23636363636363636 
5 0.5746977547495682 0.662200956937799 0.17357512953367873 0.1518341307814992 
6 0.5036701208981001 0.7974481658692185 0.1955958549222798 0.10207336523125997 
