5 0.5099513489606369 0.1720078482668411 0.9792127377266697 0.23217789404839767 
6 0.46815568332596197 0.3011772400261609 0.8903140203449802 0.030739045127534337 
0 0.16828836797877048 0.35022890778286464 0.2985404688191066 0.04708960104643558 
4 0.12206988058381248 0.4851209941137999 0.20875718708536048 0.17168083714846305 
4 0.07032286598850067 0.6286788750817528 0.11322423706324636 0.11543492478744279 
4 0.12538699690402477 0.827992151733159 0.21273772666961524 0.28319162851536955 
4 0.3465280849181778 0.4836494440810988 0.20743034055727555 0.170699803793329 
4 0.39296771340114994 0.6298234139960759 0.1092436974789916 0.10725964682799216 
4 0.3458646616541354 0.8193263570961413 0.2034498009730208 0.2658600392413342 
2 0.3252985404688191 0.9655003270111184 0.1534719150818222 0.01406147809025507 
1 0.5773993808049536 0.41268803139306737 0.16585581601061478 0.03662524525833879 
4 0.5919946926138877 0.5274689339437542 0.20566121185316233 0.18705035971223022 
1 0.7481203007518797 0.5547743623283192 0.057054400707651484 0.024525833878351867 
4 0.7916850950906679 0.6548397645519948 0.12737726669615215 0.05722694571615435 
5 0.8624502432551968 0.46991497710922175 0.2742149491375498 0.14911706998037935 
4 0.8332596196373286 0.591399607586658 0.21318000884564353 0.05134074558534991 
1 0.5504201680672269 0.7719097449313277 0.12251216275984078 0.034990189666448665 
4 0.5767359575409111 0.881294964028777 0.17160548429898276 0.1746239372138653 
4 0.8332596196373286 0.7835186396337476 0.30163644405130474 0.10006540222367562 
1 0.5214506855373728 0.7432962720732506 0.06634232640424591 0.017004578155657292 
3 0.5112781954887219 0.9882275997383911 0.9765590446704998 0.013734466971877045 
3 0.5168067226890757 0.03776978417266187 0.09066784608580275 0.021909744931327666 
