0 0.14435989256938228 0.06393606393606394 0.25201432408236346 0.04795204795204795 
3 0.4986571172784243 0.024142524142524144 0.09847806624888093 0.022311022311022312 
4 0.19673231871083258 0.14635364635364637 0.3675022381378693 0.06426906426906427 
2 0.07251566696508505 0.18448218448218448 0.09400179051029543 0.010656010656010656 
4 0.23343777976723365 0.18598068598068598 0.2179946284691137 0.008991008991008992 
4 0.18352730528200537 0.20529470529470528 0.3258728737690242 0.028971028971028972 
4 0.21105640107430618 0.34115884115884115 0.30304386750223816 0.05760905760905761 
2 0.173455684870188 0.307026307026307 0.229632945389436 0.011988011988011988 
4 0.19024171888988362 0.2738927738927739 0.35452103849597133 0.040293040293040296 
4 0.31266786034019695 0.4230769230769231 0.6065353625783348 0.04229104229104229 
2 0.18576544315129812 0.45554445554445555 0.25604297224709044 0.012654012654012654 
4 0.4697851387645479 0.45637695637695636 0.29409131602506716 0.01431901431901432 
4 0.3316920322291853 0.477022977022977 0.549686660698299 0.026973026973026972 
4 0.423455684870188 0.567932067932068 0.4306177260519248 0.08424908424908426 
2 0.30013428827215755 0.621045621045621 0.10608773500447627 0.011988011988011988 
4 0.49888093106535364 0.6223776223776224 0.27797672336615936 0.01332001332001332 
4 0.4395702775290958 0.6423576423576424 0.38675022381378693 0.025974025974025976 
4 0.20904207699194272 0.6986346986346986 0.39033124440465533 0.022644022644022644 
2 0.09914950760966876 0.7184482184482185 0.08639212175470008 0.011655011655011656 
4 0.276857654431513 0.7192807192807192 0.25917636526410026 0.011322011322011322 
4 0.23701880035810205 0.7544122544122545 0.3657117278424351 0.05028305028305028 
4 0.40689346463742165 0.8346653346653347 0.4467323187108326 0.05960705960705961 
4 0.46396598030438674 0.878954378954379 0.25380483437779766 0.014985014985014984 
4 0.35205908683974935 0.8937728937728938 0.26096687555953446 0.011988011988011988 
2 0.2757385854968666 0.8779553779553779 0.10474485228290063 0.012987012987012988 
3 0.20456580125335722 0.9562104562104562 0.36974037600716203 0.041625041625041624 
8 0.0311101163831692 0.9911754911754912 0.024619516562220233 0.01431901431901432 
3 0.9068934646374217 0.9906759906759907 0.13249776186213072 0.012654012654012654 
1 0.7202327663384065 0.05211455211455211 0.10384959713518353 0.020313020313020312 
4 0.8207251566696508 0.3111888111888112 0.3084153983885407 0.47186147186147187 
4 0.8234109221128021 0.766067266067266 0.3066248880931065 0.08225108225108226 
1 0.6895702775290958 0.8283383283383283 0.03894359892569382 0.009657009657009656 
4 0.8111011638316921 0.8924408924408924 0.2909579230080573 0.11388611388611389 
3 0.8140107430617726 0.9663669663669664 0.29140555058191586 0.021312021312021312 
3 0.9899283795881826 0.6883116883116883 0.019247985675917637 0.5834165834165834 
