3 0.3980603448275862 0.04284354173278324 0.6995689655172413 0.034909552523008563 
4 0.41120689655172415 0.16915264995239607 0.3586206896551724 0.15867978419549347 
4 0.7851293103448276 0.4409711202792764 0.35301724137931034 0.7207235798159314 
4 0.5071120689655172 0.4358933671850206 0.1668103448275862 0.04919073310060298 
4 0.49461206896551724 0.473976515391939 0.1892241379310345 0.022532529355760073 
4 0.409698275862069 0.5441129800063471 0.359051724137931 0.1171056807362742 
4 0.46142241379310345 0.6728022849888924 0.2633620689655172 0.13519517613456045 
4 0.7823275862068966 0.8920977467470643 0.3586206896551724 0.12123135512535702 
4 0.49504310344827585 0.8313233894001903 0.19353448275862067 0.13360837829260552 
4 0.4663793103448276 0.9120913995556965 0.2439655172413793 0.02602348460806093 
4 0.4435344827586207 0.9414471596318629 0.296551724137931 0.030149158997143762 
1 0.27586206896551724 0.28562361155188826 0.5517241379310345 0.05141225007933989 
5 0.1834051724137931 0.4217708663916217 0.21336206896551724 0.218978102189781 
5 0.39504310344827587 0.39765153919390667 0.20991379310344827 0.16756585211044112 
5 0.5493534482758621 0.36210726753411615 0.13836206896551723 0.07108854331958109 
5 0.21530172413793103 0.7584893684544588 0.3461206896551724 0.3966994604887337 
3 0.18275862068965518 0.9722310377657886 0.20948275862068966 0.013011742304030465 
8 0.06573275862068965 0.9717549984132021 0.01767241379310345 0.015233259282767374 
