0 0.21740088105726874 0.07250561437279435 0.3951541850220264 0.07828039781841514 
4 0.24823788546255507 0.5588707090150786 0.4682819383259912 0.821944177093359 
6 0.6110132158590309 0.44866859159448186 0.2299559471365639 0.07218479307025986 
4 0.6110132158590309 0.7252165543792107 0.23259911894273128 0.478986204683991 
4 0.8519823788546256 0.2133461661854347 0.21585903083700442 0.3740776387552133 
4 0.8519823788546256 0.684632659608598 0.24052863436123348 0.5627205646454925 
3 0.8211453744493392 0.9794674366377928 0.28370044052863436 0.025024061597690085 
3 0.10594713656387665 0.9844401668270774 0.1748898678414097 0.01700352903432788 
2 0.27312775330396477 0.13522617901828682 0.14625550660792952 0.00930381777350016 
4 0.21872246696035244 0.1191851138915624 0.38986784140969166 0.01507860121912095 
4 0.10859030837004406 0.136669874879692 0.1748898678414097 0.017965992941931345 
