3 0.37548470486859115 0.0425531914893617 0.6294700560103403 0.026675134963480472 
5 0.22274881516587677 0.2254684026675135 0.4041361482119776 0.2940616068593204 
4 0.5165876777251185 0.09987297554779295 0.14735028005170184 0.028898062877103843 
4 0.5006462731581215 0.24785646236900605 0.18181818181818182 0.2632581771991108 
4 0.4138302455838001 0.4855509685614481 0.35545023696682465 0.21403620196887901 
4 0.3918569582076691 0.7727850111146396 0.3063334769495907 0.35852651635439825 
6 0.6389487289961223 0.8534455382661162 0.1826798793623438 0.1997459510955859 
5 0.6301163291684618 0.6738647189583995 0.1917277035760448 0.15814544299777708 
4 0.7806979750107712 0.11352810416005081 0.35501938819474366 0.05239758653540807 
1 0.7834984920292977 0.15798666243251827 0.34338647134855665 0.02254684026675135 
4 0.7809133993968117 0.36805335026992697 0.35114174924601466 0.39568116862496033 
4 0.8349849202929771 0.5801841854557003 0.24903059026281774 0.02731025722451572 
4 0.8418785006462731 0.7257859637980312 0.23955191727703576 0.2657986662432518 
4 0.8528651443343387 0.9171165449349 0.2175786299009048 0.06414734836456018 
1 0.8427401981904351 0.8721816449666561 0.2016372253339078 0.019371228961575105 
5 0.1055579491598449 0.8024769768180375 0.2111158983196898 0.3944109241028898 
