5 0.4985434873075323 0.23562730104786178 0.9895963379109447 0.4695553667516284 
5 0.5164377861007075 0.5557915604644577 0.20807324178110695 0.14245256301331066 
5 0.5097794423637121 0.7247238742565845 0.1856013316687474 0.11838006230529595 
4 0.23325010403662091 0.6169640328518833 0.3524760715771952 0.2789578023222883 
4 0.2569704535996671 0.7737184933446616 0.3849354972950479 0.03851600113282356 
4 0.28838951310861427 0.8743981874822996 0.45027049521431545 0.16680826961200793 
4 0.7987931751976696 0.5794392523364486 0.35081148564294634 0.19824412347776832 
4 0.7925509779442365 0.7105635797224582 0.3566375364128173 0.06003964882469555 
4 0.7825634623387433 0.7533276692155196 0.38077403245942576 0.022656471254602094 
4 0.7494798168955473 0.8612291135655621 0.44694132334581776 0.18465024072500708 
8 0.07261756138160633 0.9657320872274143 0.026217228464419477 0.014726706315491361 
