3 0.3152364273204904 0.09316075423457974 0.6015761821366025 0.08660914030041547 
5 0.5991681260945709 0.5623202301054651 0.7228546409807356 0.7794822627037392 
6 0.8835376532399299 0.5850111856823266 0.10595446584938704 0.09683604985618409 
1 0.19308231173380036 0.27005433045701505 0.3572679509632224 0.12080536912751678 
4 0.17535026269702278 0.5116650687120485 0.3191768826619965 0.33812719718759987 
4 0.14929947460595447 0.7360178970917226 0.2670753064798599 0.11057845957174817 
4 0.12828371278458844 0.869926494087568 0.21891418563922943 0.15148609779482264 
2 0.19373905429071803 0.9541387024608501 0.14929947460595447 0.012464046021093002 
3 0.05976357267950963 0.9550974752317034 0.0818739054290718 0.012464046021093002 
3 0.0915061295971979 0.9741131351869607 0.14623467600700527 0.013422818791946308 
8 0.9470227670753065 0.9741131351869607 0.02276707530647986 0.01597954618088846 
