5 0.4916416630947278 0.18138500635324015 0.904414916416631 0.2960609911054638 
1 0.08036862408915559 0.34593392630241426 0.07843977711101585 0.018424396442185517 
0 0.11144449207029575 0.4051778907242694 0.1380197171024432 0.05940279542566709 
1 0.16866695242177454 0.45806861499364676 0.24474924989284183 0.040025412960609914 
4 0.18945563651950278 0.7179161372299874 0.3000428632661809 0.4714104193138501 
4 0.4918559794256322 0.47601651842439646 0.30132876125160735 0.29510800508259216 
4 0.43784826403771965 0.7155336721728082 0.17702528932704673 0.18392630241423127 
4 0.49207029575653666 0.8810355781448539 0.2923274753536219 0.14580686149936467 
4 0.7235319331333048 0.35594027954256674 0.1423060437205315 0.052414231257941556 
4 0.7996142306043721 0.5007941550190598 0.28932704672096016 0.2398348157560356 
4 0.856408058294042 0.7144218551461246 0.17402486069438491 0.18487928843710294 
4 0.7991855979425632 0.8738881829733164 0.2936133733390484 0.13278271918678528 
2 0.808401200171453 0.9474269377382466 0.26660951564509217 0.01429479034307497 
5 0.6457351050150021 0.7141041931385007 0.2370338619802829 0.17662007623888185 
3 0.8193313330475782 0.9744282083862771 0.20788684097728247 0.013659466327827193 
8 0.9359194170595799 0.9744282083862771 0.020145735105015 0.008576874205844982 
