0 0.3503618561089826 0.15429936305732483 0.6343124733929332 0.1767515923566879 
3 0.11153682418050234 0.03471337579617834 0.14559386973180077 0.023566878980891718 
1 0.1415495955725841 0.3347133757961783 0.20902511707109409 0.17133757961783438 
2 0.10515112813963388 0.44299363057324836 0.1277139208173691 0.016560509554140127 
4 0.14559386973180077 0.7038216560509554 0.2188165176670924 0.5012738853503185 
1 0.38080034057045553 0.26035031847133755 0.21583652618135377 0.01624203821656051 
3 0.3724989357173265 0.28503184713375795 0.20178799489144317 0.028662420382165602 
4 0.3771817794806301 0.5022292993630573 0.21711366538952745 0.4057324840764331 
4 0.3833546189868029 0.857484076433121 0.22094508301404853 0.1964968152866242 
4 0.6123882503192848 0.8406050955414013 0.21583652618135377 0.22452229299363055 
4 0.8465304384844615 0.7585987261146496 0.21668795232013624 0.057324840764331204 
4 0.8490847169008089 0.8990445859872611 0.21413367390378885 0.11337579617834394 
1 0.8461047254150703 0.8060509554140127 0.20561941251596424 0.017197452229299363 
3 0.8122605363984674 0.8277070063694267 0.14814814814814814 0.02611464968152866 
1 0.35845040442741594 0.7208598726114649 0.17113665389527458 0.014968152866242037 
3 0.35887611749680715 0.7445859872611464 0.16602809706257982 0.02484076433121019 
3 0.8252447850149 0.9740445859872611 0.2677735206470839 0.01305732484076433 
8 0.05065985525755641 0.970700636942675 0.022988505747126436 0.017197452229299363 
5 0.7535121328224776 0.3590764331210191 0.49212430821626224 0.7181528662420382 
