5 0.32749445676274946 0.19277704485488126 0.6221729490022173 0.31233509234828494 
5 0.8787139689578713 0.1932717678100264 0.24168514412416853 0.3113456464379947 
5 0.6463414634146342 0.7716029023746701 0.1787139689578714 0.12565963060686017 
6 0.6913525498891353 0.274901055408971 0.09401330376940133 0.1566622691292876 
4 0.16762749445676275 0.6719986807387862 0.31042128603104213 0.6111477572559366 
4 0.48758314855875834 0.5341358839050132 0.29933481152993346 0.32882585751978893 
4 0.44301552106430153 0.775230870712401 0.22172949002217296 0.14742744063324537 
4 0.48758314855875834 0.9112796833773087 0.3073170731707317 0.12862796833773085 
4 0.8048780487804879 0.5324868073878628 0.31308203991130823 0.33410290237467016 
4 0.8450110864745011 0.7716029023746701 0.2328159645232816 0.14412928759894458 
4 0.8090909090909091 0.9101253298153034 0.3161862527716186 0.13093667546174143 
8 0.02483370288248337 0.9902704485488126 0.022172949002217293 0.01879947229551451 
3 0.06341463414634146 0.017645118733509234 0.11086474501108648 0.021437994722955146 
