2 0.10348731884057971 0.045226969292389854 0.15081521739130435 0.022363150867823766 
0 0.28125 0.07409879839786382 0.5063405797101449 0.037383177570093455 
1 0.36707427536231885 0.1276702269692924 0.6834239130434783 0.06975967957276369 
4 0.17980072463768115 0.5085113484646194 0.3170289855072464 0.6151535380507342 
4 0.5070199275362319 0.3167556742323097 0.31295289855072467 0.2336448598130841 
4 0.5083786231884058 0.8199265687583445 0.31023550724637683 0.3054072096128171 
4 0.8362771739130435 0.3142523364485981 0.31023550724637683 0.23664886515353806 
4 0.8754528985507246 0.5488985313751669 0.23460144927536233 0.23264352469959945 
4 0.8355978260869565 0.7917222963951935 0.3115942028985507 0.24699599465954605 
2 0.822463768115942 0.95043391188251 0.27445652173913043 0.048397863818424564 
4 0.1598731884057971 0.9003671562082777 0.2717391304347826 0.14452603471295059 
3 0.004981884057971015 0.9063751668891855 0.00996376811594203 0.12850467289719625 
3 0.11458333333333333 0.9894859813084111 0.17844202898550726 0.015020026702269693 
8 0.9879981884057971 0.9909879839786382 0.023097826086956524 0.014018691588785047 
3 0.5110960144927537 0.019359145527369826 0.1236413043478261 0.019359145527369826 
