5 0.35282608695652173 0.21127892030848328 0.6152173913043478 0.3010925449871465 
3 0.2582608695652174 0.050771208226221075 0.4373913043478261 0.016066838046272493 
0 0.32760869565217393 0.4101863753213367 0.5760869565217391 0.0845115681233933 
2 0.11717391304347827 0.4667416452442159 0.14652173913043479 0.015102827763496142 
4 0.19456521739130436 0.6942480719794344 0.3073913043478261 0.38142673521850895 
4 0.4365217391304348 0.6176092544987146 0.12782608695652176 0.2320051413881748 
6 0.5810869565217391 0.6743251928020565 0.1317391304347826 0.1063624678663239 
5 0.5817391304347826 0.5613753213367609 0.13043478260869565 0.12146529562982004 
4 0.8243478260869566 0.5392030848329048 0.2973913043478261 0.6940874035989717 
4 0.5021739130434782 0.9442480719794344 0.92 0.05623393316195372 
3 0.9880434782608696 0.936857326478149 0.018695652173913044 0.06266066838046272 
8 0.05565217391304348 0.9837724935732647 0.028695652173913046 0.014460154241645243 
