0 0.264007171671896 0.0691029900332226 0.49036306588973555 0.037209302325581395 
1 0.3478260869565218 0.11229235880398672 0.6490363065889736 0.045182724252491695 
4 0.17436127297176154 0.5169435215946844 0.31107126848946665 0.5707641196013289 
4 0.497982967279247 0.7219269102990034 0.30569251456745855 0.5156146179401994 
4 0.8706857911250561 0.346843853820598 0.2173913043478261 0.2425249169435216 
4 0.8231734648139848 0.7048172757475083 0.31241595696996866 0.4813953488372093 
2 0.8265351860152399 0.9654485049833887 0.30300313760645453 0.01993355481727575 
3 0.10264455401165397 0.027574750830564786 0.1506051098162259 0.0292358803986711 
2 0.27969520394441955 0.023588039867109636 0.18467055132227703 0.02524916943521595 
4 0.14253697893321382 0.8980066445182725 0.24204392649036308 0.146843853820598 
6 0.5475123263110713 0.4445182724252492 0.38861497086508295 0.013289036544850499 
5 0.5522187359928283 0.33272425249169435 0.3980277902285971 0.1983388704318937 
3 0.09300761990138952 0.9921926910299004 0.14298520842671447 0.014950166112956811 
8 0.9690721649484536 0.9901993355481729 0.023307933662034964 0.016943521594684385 
