0 0.49159854677565845 0.09304233672464719 0.6217075386012716 0.13423039054808006 
4 0.17870118074477748 0.5914013784049885 0.3138056312443233 0.7640301936330817 
4 0.5072661217075386 0.8344273055464391 0.3151680290644868 0.2760091893665901 
4 0.8344686648501362 0.7791270101739416 0.3047229791099001 0.1627830653101411 
2 0.8117620345140781 0.9350180505415162 0.25930971843778383 0.07679684936002625 
6 0.9096276112624886 0.43912044634066294 0.1262488646684832 0.11880538234328847 
5 0.6087647593097184 0.32901214309156546 0.46094459582198 0.22874958976042006 
5 0.6094459582198002 0.5653101411224155 0.45413260672116257 0.22546767312110272 
3 0.007266121707538601 0.8749589760420085 0.012715712988192553 0.19297669839186082 
3 0.09514078110808356 0.9916311125697407 0.13487738419618528 0.01608139153265507 
5 0.09854677565849228 0.0940269117164424 0.13896457765667575 0.12175910731867409 
8 0.9856948228882834 0.9916311125697407 0.01407811080835604 0.01608139153265507 
