0 0.49440378820490744 0.25333333333333335 0.9276797244941886 0.2838095238095238 
3 0.452862677572105 0.05095238095238095 0.7860525182953078 0.039047619047619046 
1 0.49031424881618596 0.4504761904761905 0.8833405079638399 0.06349206349206349 
2 0.10697374085234611 0.5133333333333333 0.10804993542832544 0.03365079365079365 
4 0.5977184674989238 0.577936507936508 0.7262160998708567 0.16095238095238096 
4 0.5970727507533362 0.6768253968253968 0.7145931984502798 0.035555555555555556 
4 0.4143349117520448 0.8241269841269842 0.35772707705553164 0.25523809523809526 
4 0.7785191562634525 0.8250793650793651 0.35686612139474816 0.25333333333333335 
2 0.9700817907877745 0.9242857142857143 0.017649591046061126 0.05492063492063492 
3 0.18123116659492036 0.9731746031746031 0.20921222557038313 0.011746031746031746 
8 0.06693930262591477 0.9725396825396826 0.019371502367628066 0.016825396825396827 
