8 0.0450292 0.0385129 0.0187135 0.0146928 0.270644
3 0.822807 0.0387355 0.221053 0.0195904 0.554699
1 0.497076 0.471282 0.375439 0.022707 0.641015
3 0.0932749 0.0380677 0.0625731 0.0173642 0.695325
0 0.500877 0.416296 0.393567 0.048976 0.739732
1 0.540351 0.190561 0.0678363 0.0124666 0.769554
5 0.495322 0.728851 0.207018 0.114871 0.868223
4 0.217836 0.729074 0.326901 0.140249 0.926761
4 0.722222 0.278718 0.435088 0.162956 0.935224
4 0.721053 0.119768 0.443275 0.105076 0.943293
4 0.275146 0.883571 0.439181 0.176759 0.950516
4 0.724561 0.882012 0.439766 0.173642 0.958312
4 0.272807 0.215272 0.439181 0.300534 0.958457
4 0.273977 0.577916 0.435673 0.180766 0.958964
4 0.777778 0.727293 0.330994 0.131345 0.961466
4 0.723684 0.577694 0.433333 0.17854 0.961856
