3 0.499415 0.704809 0.366082 0.0534283 0.267475
3 0.492398 0.684996 0.250292 0.0155833 0.274874
0 0.497076 0.703473 0.364912 0.0525378 0.282539
0 0.494737 0.0736866 0.319298 0.0138023 0.307665
3 0.499123 0.765361 0.312865 0.0204809 0.358072
8 0.949123 0.0394034 0.019883 0.0173642 0.390548
0 0.48655 0.0992876 0.622222 0.0400712 0.602171
1 0.491228 0.152271 0.636257 0.0204809 0.667031
3 0.171053 0.0387355 0.223977 0.0213713 0.731027
3 0.901462 0.0382903 0.0649123 0.0204809 0.769724
5 0.503216 0.407391 0.195906 0.108638 0.791636
4 0.215497 0.408727 0.325731 0.133571 0.909725
4 0.725439 0.877115 0.44269 0.193232 0.9228
4 0.77924 0.406055 0.331579 0.130899 0.927326
4 0.273977 0.564559 0.439181 0.176313 0.932557
4 0.273099 0.87756 0.438596 0.191451 0.941818
4 0.273684 0.257346 0.436257 0.180766 0.947704
4 0.722515 0.256901 0.436842 0.180766 0.952696
4 0.723684 0.563891 0.440351 0.182102 0.956612
