1 0.495614 0.152939 0.494152 0.0209261 0.336449
0 0.504094 0.0959484 0.48655 0.0476402 0.559661
1 0.545906 0.756679 0.0883041 0.0164737 0.621104
3 0.0932749 0.0378451 0.0614035 0.0186999 0.698134
3 0.82193 0.0385129 0.223977 0.0209261 0.795275
5 0.497661 0.566785 0.210526 0.112199 0.902228
4 0.219006 0.572573 0.326901 0.13179 0.923193
4 0.722515 0.865984 0.438012 0.190561 0.930117
4 0.780117 0.567453 0.325146 0.134016 0.931324
4 0.720468 0.691674 0.439766 0.108192 0.933892
4 0.273684 0.799421 0.439766 0.338825 0.961332
4 0.722515 0.338602 0.445029 0.337934 0.967455
4 0.276608 0.336598 0.443275 0.338379 0.968948
