5 0.792398 0.314559 0.269006 0.154497 0.256729
5 0.792982 0.200356 0.260819 0.11398 0.374404
6 0.78655 0.109973 0.25848 0.0543188 0.39501
5 0.790643 0.22707 0.271345 0.252004 0.417731
3 0.174269 0.039626 0.212866 0.0222618 0.437185
8 0.954094 0.039626 0.022807 0.0133571 0.553879
1 0.130994 0.404274 0.146199 0.015138 0.652489
1 0.48655 0.629341 0.261988 0.0325022 0.654399
1 0.44152 0.541852 0.162573 0.047195 0.663811
3 0.884211 0.0380677 0.0947368 0.0191451 0.795232
4 0.49883 0.808326 0.28538 0.322796 0.954036
4 0.199123 0.228629 0.287134 0.319234 0.963047
4 0.796784 0.686999 0.285965 0.556545 0.964688
4 0.199415 0.686331 0.281871 0.55699 0.966408
4 0.498538 0.282725 0.289474 0.43455 0.973589
