4 0.835672 0.923197 0.194152 0.0734639 0.31236
3 0.11345 0.0418522 0.11345 0.0276046 0.348143
1 0.381579 0.353072 0.191228 0.0204809 0.350314
4 0.155848 0.940784 0.198246 0.0552093 0.447401
4 0.159064 0.37756 0.202339 0.501336 0.47851
1 0.549123 0.297863 0.0900585 0.0213713 0.494553
1 0.549415 0.81545 0.0847953 0.0182547 0.516881
1 0.779825 0.695904 0.0988304 0.0186999 0.51778
1 0.104971 0.101291 0.103509 0.0173642 0.595862
3 0.833333 0.0373998 0.212866 0.0204809 0.697316
4 0.159064 0.684773 0.202339 0.473731 0.834036
4 0.834503 0.780944 0.209357 0.163847 0.922886
4 0.384795 0.204809 0.207018 0.24488 0.957628
4 0.609064 0.177649 0.209942 0.189671 0.960606
4 0.606725 0.894924 0.206433 0.15138 0.961707
4 0.381287 0.660285 0.208187 0.602849 0.963812
4 0.834211 0.381122 0.21345 0.577916 0.965263
4 0.610526 0.542743 0.210526 0.456812 0.96576
