8 0.0426901 0.0382903 0.019883 0.0142476 0.500045
3 0.297076 0.161398 0.511111 0.0200356 0.549256
3 0.26345 0.0799199 0.401754 0.0333927 0.581372
0 0.257602 0.0799199 0.416959 0.0333927 0.693732
3 0.114912 0.0376224 0.0953216 0.0200356 0.736101
1 0.55117 0.72106 0.0953216 0.0146928 0.758914
3 0.82193 0.0382903 0.225146 0.0204809 0.802649
5 0.275439 0.312556 0.42807 0.274265 0.94642
4 0.274561 0.71683 0.440351 0.497774 0.956995
4 0.722222 0.848397 0.433918 0.239092 0.958226
4 0.72193 0.442342 0.438012 0.524933 0.964384
