6 0.107895 0.365761 0.0988304 0.0173642 0.280468
5 0.700585 0.908949 0.100585 0.0280499 0.299596
0 0.15848 0.382458 0.209357 0.0454141 0.350991
6 0.158187 0.381345 0.219298 0.0467498 0.384685
0 0.278363 0.476402 0.419883 0.0213713 0.445768
8 0.952339 0.0389581 0.0192982 0.0120214 0.472602
1 0.278947 0.477293 0.437427 0.0222618 0.492784
6 0.489766 0.771149 0.260234 0.0382903 0.492786
3 0.171637 0.0380677 0.208772 0.0200356 0.661329
4 0.795322 0.949021 0.287719 0.0449688 0.679823
1 0.730702 0.615539 0.143275 0.0155833 0.768739
3 0.883041 0.0373998 0.097076 0.0186999 0.820354
5 0.497953 0.869991 0.269591 0.15138 0.848486
5 0.345322 0.203918 0.566667 0.271594 0.932541
4 0.498246 0.611532 0.287719 0.244435 0.953279
4 0.797368 0.752671 0.284795 0.259573 0.956214
4 0.797661 0.338602 0.28655 0.532947 0.962247
4 0.199708 0.727293 0.290643 0.475067 0.96273
