1 0.593275 0.477293 0.436842 0.0195904 0.252247
0 0.583626 0.475512 0.459649 0.0204809 0.293701
0 0.442982 0.382012 0.172515 0.0427427 0.296584
8 0.0453216 0.0380677 0.0192982 0.0164737 0.302911
6 0.716082 0.763802 0.12924 0.0164737 0.522239
3 0.821345 0.0389581 0.21462 0.0200356 0.681797
3 0.111988 0.0373998 0.0964912 0.0204809 0.789772
4 0.798246 0.200579 0.287719 0.27382 0.913503
5 0.200585 0.862199 0.263158 0.210597 0.924661
5 0.797368 0.624889 0.282456 0.270258 0.92584
4 0.49883 0.20236 0.283041 0.27293 0.929031
4 0.799123 0.87667 0.288304 0.189671 0.961631
4 0.19883 0.398041 0.28655 0.651825 0.964969
4 0.499415 0.730632 0.290058 0.482636 0.971163
