6 0.628947 0.507346 0.192398 0.0164737 0.268153
6 0.788304 0.820125 0.112281 0.030276 0.27102
4 0.166959 0.880009 0.192398 0.0556545 0.272373
4 0.692398 0.552315 0.369591 0.024488 0.284805
6 0.154678 0.148709 0.172515 0.108638 0.291704
5 0.762281 0.87667 0.0859649 0.0650045 0.298679
4 0.162281 0.543856 0.205263 0.162511 0.32256
5 0.830994 0.878673 0.192982 0.0627783 0.356214
1 0.569883 0.533393 0.0649123 0.0133571 0.361978
6 0.85117 0.878896 0.12924 0.0578807 0.368553
1 0.563743 0.369323 0.0561404 0.0111309 0.380162
5 0.787135 0.820125 0.109942 0.030276 0.388684
1 0.121345 0.459484 0.0672515 0.0133571 0.429283
6 0.138012 0.350623 0.14386 0.0369546 0.466671
3 0.700585 0.55276 0.367251 0.0262689 0.474612
6 0.154094 0.247329 0.161988 0.0770258 0.486095
5 0.387134 0.390917 0.204678 0.100623 0.593998
4 0.482456 0.945013 0.838596 0.0476402 0.607149
5 0.389181 0.504675 0.208772 0.101959 0.717148
4 0.609064 0.162511 0.191228 0.138914 0.814134
5 0.83655 0.41496 0.204094 0.103295 0.824601
5 0.38538 0.142253 0.202339 0.108192 0.83447
4 0.482456 0.849955 0.778947 0.0997329 0.853309
4 0.614035 0.418299 0.20117 0.0957257 0.859431
5 0.385965 0.266919 0.192982 0.105521 0.865431
5 0.833918 0.140695 0.205848 0.101514 0.882664
4 0.610819 0.295191 0.194737 0.103295 0.911169
5 0.833041 0.294524 0.211111 0.105521 0.911259
