1 0.15614 0.449911 0.202339 0.0494212 0.299621
4 0.619591 0.26447 0.194737 0.0650045 0.328828
6 0.610819 0.637801 0.199415 0.101069 0.333328
5 0.389474 0.229074 0.185965 0.166073 0.334067
6 0.390643 0.357524 0.190643 0.0667854 0.363426
6 0.386257 0.495102 0.146784 0.0783615 0.384604
1 0.105556 0.295414 0.0929825 0.0146928 0.422139
1 0.151462 0.430988 0.192982 0.015138 0.434164
6 0.621637 0.516251 0.203509 0.0983972 0.455864
6 0.617251 0.26358 0.200585 0.0658949 0.527791
6 0.376316 0.424978 0.159649 0.0467498 0.54031
4 0.390351 0.359528 0.179532 0.0636687 0.550139
6 0.385088 0.110641 0.167836 0.0476402 0.566183
4 0.617251 0.404274 0.202924 0.0988424 0.573083
1 0.123099 0.674532 0.125731 0.0240427 0.584039
3 0.834211 0.96171 0.207602 0.0186999 0.590818
4 0.607895 0.155165 0.193567 0.120659 0.644998
1 0.159064 0.497329 0.19883 0.0142476 0.694795
1 0.154094 0.590605 0.191228 0.0146928 0.734341
5 0.161404 0.180543 0.214035 0.201692 0.809303
6 0.394152 0.768477 0.17076 0.0543188 0.838276
4 0.162281 0.913179 0.197076 0.0863758 0.863232
4 0.156725 0.456589 0.190643 0.0520926 0.870534
5 0.835672 0.523597 0.204678 0.11398 0.872196
4 0.154971 0.724176 0.203509 0.0966162 0.873277
5 0.835088 0.141362 0.20117 0.10463 0.87568
5 0.83538 0.40472 0.207602 0.108638 0.880835
4 0.154386 0.625111 0.20117 0.0578807 0.882207
5 0.836842 0.640917 0.203509 0.101959 0.885621
5 0.389474 0.879564 0.19883 0.154497 0.887647
5 0.834503 0.284728 0.204678 0.107302 0.889246
4 0.159064 0.540962 0.20117 0.064114 0.925423
4 0.157018 0.361532 0.198246 0.109528 0.930475
