1 0.507018 0.153384 0.433918 0.0200356 0.320972
3 0.498538 0.0485307 0.0929825 0.0347284 0.565533
0 0.504094 0.100623 0.405848 0.0382903 0.736796
3 0.918713 0.036732 0.077193 0.0164737 0.82639
5 0.497076 0.567231 0.208187 0.11398 0.871763
4 0.22076 0.567453 0.323392 0.127783 0.934334
4 0.780409 0.568789 0.330409 0.131345 0.943576
4 0.273684 0.800534 0.438596 0.33927 0.948235
4 0.723392 0.799421 0.439766 0.336153 0.957363
4 0.273977 0.335708 0.44269 0.337489 0.962716
4 0.722222 0.335485 0.440936 0.333482 0.964292
