4 0.157895 0.931211 0.209357 0.0805877 0.261756
6 0.594152 0.0972841 0.181287 0.0307213 0.34617
1 0.578947 0.431211 0.132164 0.0155833 0.431891
4 0.37924 0.109528 0.192398 0.0596616 0.461295
4 0.598538 0.0975067 0.180702 0.0311665 0.468397
4 0.609357 0.524043 0.208187 0.196794 0.478057
1 0.375731 0.515806 0.198246 0.024488 0.61019
5 0.803801 0.809216 0.257895 0.318344 0.614148
3 0.833918 0.0373998 0.209357 0.0195904 0.659844
1 0.816374 0.39114 0.174269 0.0155833 0.666162
1 0.109942 0.352182 0.105263 0.015138 0.721413
4 0.379532 0.572573 0.195322 0.105966 0.751498
5 0.589766 0.800089 0.211111 0.310775 0.765156
5 0.382456 0.818121 0.190643 0.290739 0.81592
4 0.381871 0.296082 0.205848 0.422974 0.873086
5 0.611696 0.200801 0.212866 0.146928 0.873318
4 0.161696 0.485752 0.206433 0.247551 0.873616
4 0.60848 0.345726 0.206433 0.131345 0.918791
4 0.826901 0.109083 0.204678 0.0587711 0.927249
4 0.159357 0.784506 0.207602 0.343722 0.93318
4 0.16345 0.211932 0.209942 0.238646 0.934836
4 0.835965 0.258905 0.21345 0.213268 0.953617
4 0.833626 0.510463 0.204094 0.228406 0.955313
