6 0.721345 0.355744 0.35731 0.0195904 0.253821
1 0.109942 0.733526 0.0818713 0.0173642 0.256301
1 0.278655 0.145815 0.376023 0.0155833 0.289934
3 0.214035 0.902716 0.284211 0.0369546 0.298469
3 0.223099 0.467498 0.280117 0.0276046 0.308896
1 0.361696 0.634461 0.587719 0.0258237 0.330224
5 0.222222 0.576135 0.294737 0.0596616 0.33347
6 0.267251 0.145815 0.305263 0.0138023 0.429771
5 0.271053 0.0941674 0.12924 0.0467498 0.511165
8 0.95117 0.0389581 0.0239766 0.0173642 0.537414
3 0.146491 0.0385129 0.177193 0.0235975 0.590791
3 0.723977 0.479297 0.376608 0.0191451 0.606897
3 0.22193 0.485307 0.220468 0.015138 0.610547
4 0.738012 0.776937 0.417544 0.193232 0.623083
6 0.721345 0.385352 0.340936 0.0538736 0.672894
4 0.283333 0.788736 0.416959 0.071683 0.687553
5 0.435673 0.44724 0.0807018 0.0734639 0.735101
4 0.22807 0.423642 0.333333 0.0681211 0.812559
4 0.269883 0.696349 0.380702 0.0783615 0.902225
5 0.725731 0.203918 0.42807 0.272484 0.927601
4 0.273392 0.261799 0.408772 0.206589 0.957071
