2 0.151462 0.953695 0.191813 0.0311665 0.307633
6 0.61345 0.635574 0.20117 0.0218166 0.347092
4 0.384795 0.895592 0.203509 0.140249 0.349787
1 0.442105 0.827471 0.0748538 0.0146928 0.399168
1 0.800585 0.722395 0.14386 0.0146928 0.53505
1 0.147661 0.624666 0.174854 0.032057 0.540051
1 0.35731 0.341496 0.147368 0.0178094 0.675012
3 0.834503 0.0376224 0.222222 0.0191451 0.768455
5 0.164327 0.157836 0.205848 0.152716 0.88046
4 0.161404 0.784951 0.208187 0.308103 0.890191
4 0.384795 0.654719 0.209357 0.654942 0.896297
4 0.157018 0.554541 0.211111 0.0912734 0.903104
4 0.385088 0.201915 0.206433 0.239092 0.907993
5 0.611696 0.542075 0.209357 0.158059 0.909548
4 0.833626 0.392698 0.209942 0.607302 0.910126
4 0.829825 0.84951 0.203509 0.237756 0.915815
4 0.163158 0.369101 0.210526 0.253785 0.931627
4 0.611404 0.274265 0.208772 0.369546 0.945471
4 0.607895 0.800089 0.204094 0.333927 0.94749
