1 0.295294 0.845909 0.0988235 0.0209091 0.25013
4 0.494706 0.885 0.803529 0.0881818 0.302921
6 0.294706 0.0736364 0.304706 0.0218182 0.326092
1 0.721765 0.717273 0.163529 0.0218182 0.352071
7 0.288824 0.172727 0.403529 0.158182 0.398573
1 0.468235 0.565909 0.0494118 0.0190909 0.423805
4 0.723529 0.761818 0.395294 0.04 0.467455
4 0.285294 0.894091 0.384706 0.0536364 0.7161
4 0.714118 0.832273 0.444706 0.184545 0.718998
4 0.286471 0.545909 0.42 0.522727 0.956035
4 0.718824 0.384091 0.421176 0.593636 0.956604
