3 0.715294 0.871818 0.230588 0.0272727 0.268532
6 0.317059 0.319545 0.384706 0.0227273 0.403012
8 0.904118 0.875909 0.0411765 0.0245455 0.445479
6 0.318235 0.639091 0.283529 0.0236364 0.595596
6 0.693529 0.638636 0.278824 0.0227273 0.598285
3 0.720588 0.909091 0.387059 0.0254545 0.62276
4 0.718235 0.822727 0.396471 0.0636364 0.680656
4 0.289412 0.853182 0.404706 0.124545 0.855876
4 0.487059 0.711364 0.816471 0.111818 0.914374
5 0.490588 0.485 0.72 0.277273 0.934213
5 0.499412 0.181818 0.848235 0.245455 0.941247
