4 0.619412 0.323636 0.629412 0.04 0.257294
6 0.621176 0.431364 0.237647 0.0445455 0.331855
6 0.245882 0.273636 0.251765 0.0218182 0.348681
8 0.912941 0.0413636 0.0258824 0.0172727 0.398256
4 0.717647 0.379545 0.390588 0.0372727 0.400552
6 0.285294 0.580455 0.398824 0.0554545 0.487692
0 0.489412 0.154545 0.92 0.227273 0.522595
4 0.284118 0.58 0.405882 0.0545455 0.603908
5 0.294706 0.450455 0.377647 0.182727 0.887667
5 0.489412 0.161818 0.934118 0.22 0.90416
4 0.284706 0.775909 0.416471 0.286364 0.923995
4 0.717647 0.850455 0.414118 0.139091 0.93617
4 0.714118 0.605 0.411765 0.242727 0.967056
